CONV NORM
# 9x9 convolution mask of a gaussian PSF with FWHM = 3.5 pixels.
6.69498060e-04 3.26442106e-03 1.01222101e-02 1.99598307e-02 2.50294144e-02 1.99598307e-02 1.01222101e-02 3.26442106e-03 6.69498060e-04
3.26442106e-03 1.59170660e-02 4.93551180e-02 9.73225995e-02 1.22041500e-01 9.73225995e-02 4.93551180e-02 1.59170660e-02 3.26442106e-03
1.01222101e-02 4.93551180e-02 1.53038736e-01 3.01774735e-01 3.78422293e-01 3.01774735e-01 1.53038736e-01 4.93551180e-02 1.01222101e-02
1.99598307e-02 9.73225995e-02 3.01774735e-01 5.95064968e-01 7.46205110e-01 5.95064968e-01 3.01774735e-01 9.73225995e-02 1.99598307e-02
2.50294144e-02 1.22041500e-01 3.78422293e-01 7.46205110e-01 9.35733233e-01 7.46205110e-01 3.78422293e-01 1.22041500e-01 2.50294144e-02 
1.99598307e-02 9.73225995e-02 3.01774735e-01 5.95064968e-01 7.46205110e-01 5.95064968e-01 3.01774735e-01 9.73225995e-02 1.99598307e-02
1.01222101e-02 4.93551180e-02 1.53038736e-01 3.01774735e-01 3.78422293e-01 3.01774735e-01 1.53038736e-01 4.93551180e-02 1.01222101e-02
3.26442106e-03 1.59170660e-02 4.93551180e-02 9.73225995e-02 1.22041500e-01 9.73225995e-02 4.93551180e-02 1.59170660e-02 3.26442106e-03
6.69498060e-04 3.26442106e-03 1.01222101e-02 1.99598307e-02 2.50294144e-02 1.99598307e-02 1.01222101e-02 3.26442106e-03 6.69498060e-04